11916
113902
88384
49050
49049
49048
49036
49035
49034
49033
49032
49031
49030
49029
49028
49027
49026
49025
49024
49023
49022
49021
49020
49019
49018
49017
49016
49015
49014
49013
49012
49011
49010
49009
49008
49007
49006
49005
49004
49003
49002
49001
49000
48999
48998
48997
48996
48995
48994
48993
48992
48991
48990
48989
48988
48987
48986
48985
48984
48983
48982
48981
48980
48979
48978
48977
48976
48975
48974
48973
48972
48971
48970
48969
48968
48967
48966
48965
48964
48963
48962
48961
42075
42074
42073
42072
42071
42070
42069
42068
42067
42066
42065
42064
42063
42062
42061
42060
42059
42058
42057
42056
42055
42054
42053
42052
42051
42050
42049
42048
42047
42046
42045
42044
42043
42042
42041
42040
42039
42038
42037
42036
42035
42034
42033
42032
42031
42030
42029
42028
42027
42026
42025
42024
42023
42022
42021
42020
42019
42018
42017
42016
42015
42014
42013
42012
42011
42010
42009
42008
42007
42006
42005
42004
42003
42002
42001
42000
41999
41998
41997
41996
41995
41994
41993
41992
41991
41990
41989
41988
41987
41986
41985
41984
41983
41982
41981
41980
41979
41978
41977
41976
41975
41974
41973
41972
41971
41970
41969
41968
41967
41966
41965
41964
41963
41962
41961
41960
41959
41958
41957
41956
41955
41954
41953
41952
41951
41950
41949
41948
41947
41946
41945
41944
41943
41942
41941
41940
41939
41938
41937
41936
41935
41934
41933
41932
41931
41930
41929
41928
41927
41926
41925
41924
41923
41922
41921
41920
41919
41918
41917
41916
41915
41914
41913
41912
41911
41910
41909
41908
41907
41906
41905
41904
41903
41902
41901
41900
41899
41898
41897
41896
41895
41894
41893
41892
41891
41890
41889
41888
41887
41886
41885
41884
41883
41882
41881
41880
41879
41878
41877
41876
41875
41874
41873
41872
41871
41870
41869
41868
41867
41866
41865
41864
41863
41862
41861
41860
41859
41858
41857
41856
41855
41854
41853
41852
41851
41850
41849
41848
41847
41846
41845
41844
41843
41842
41841
41840
41839
41838
41837
41836
41835
41834
41833
41832
41831
41830
41829
41828
41827
41826
41825
41824
41823
41822
41821
41820
41819
41818
41817
41816
41815
41814
41813
41812
41811
41810
41809
41808
41807
41806
41805
41804
41803
41802
41801
41800
41799
41798
41797
41796
41795
41794
41793
41792
41791
41790
41789
41788
41787
41786
41785
41784
41783
41782
41781
41780
41779
41778
41777
41776
41775
41774
41773
41772
41771
41770
41769
41768
41767
41766
41765
41764
41763
41762
41761
41760
41759
41758
41757
41756
41755
41754
41753
41752
41751
41750
41749
41748
41747
41746
41745
41744
41743
41742
41741
41740
41739
41738
41737
41736
41735
41734
41733
41732
41731
41730
41729
41728
41727
41726
41725
41724
41723
41722
41721
41720
41719
41718
41717
41716
41715
41714
41713
41712
41711
41710
41709
41708
41707
41706
41705
41704
41703
41702
41701
41700
41699
41698
41697
41696
41695
41694
41693
41692
41691
41690
41689
41688
41687
41686
41685
41684
41683
41682
41681
41680
41679
41678
41677
41676
41675
41674
41673
41672
41671
41670
41669
41668
41667
41666
41665
41664
41663
41662
41661
41660
41659
41658
41657
41656
41655
41654
41653
41652
41651
41650
41649
41648
41647
41646
41645
41644
41643
41642
41641
41640
41639
41638
41637
41636
41635
41634
41633
41632
41631
41630
41629
41628
41627
41626
41625
41624
41623
41622
41621
41620
41619
41618
41617
41616
41615
41614
41613
41612
41611
41610
41609
41608
41607
41606
41605
41604
41603
41602
41601
41600
41599
41598
41597
41596
41595
41594
41593
41592
41591
41590
41589
41588
41587
41586
41585
41584
41583
41582
41581
41580
41579
41578
41577
41576
41575
41574
41573
41572
41571
41570
41569
41568
41567
41566
40290
40289
40288
40287
40286
40285
40284
40283
40282
40281
40280
40279
40278
40277
40276
40275
40274
40273
40272
40271
40270
40269
40268
40267
40266
40265
40264
40263
40262
40261
40260
40259
40258
40257
40256
40255
40254
40253
40252
40251
40250
40249
40248
40247
40246
40245
40244
40243
40242
40241
40240
40239
40238
40237
40236
40235
40234
40233
40232
40226
40231
40230
40229
40228
40227
40226
40225
40224
40223
40222
40221
40220
40219
40218
40217
40216
40215
40214
40213
40212
40211
40210
40209
40208
40207
40206
40205
40204
40203
40202
40201
40200
40199
40198
40197
40196
40195
40194
40193
40192
40191
40190
40189
40188
40187
40186
40185
40184
40183
40182
40181
40180
40179
40178
40177
40176
40175
40174
40173
40172
40171
40170
40161
40169
40168
40167
40166
40165
40164
40163
40162
40160
40159
40158
40157
40156
40156
40155
40154
40153
40152
40151
40150
40149
40148
40147
40146
40145
40144
40143
40142
40141
40140
40139
40138
40137
40136
40135
40134
40133
40132
40131
40130
40129
40128
40127
40126
40125
40124
40123
40122
40121
40120
40119
40118
40117
40116
40115
40114
40113
40112
40111
40110
40109
40108
40107
40106
40105
40104
40103
40102
40101
40100
40099
40098
40097
40096
40095
40094
40093
40092
40091
40090
40089
40088
40087
40086
40085
40084
40083
40082
40081
40080
40079
40078
40077
40076
40075
40074
40073
40072
40071
40070
40069
40068
40067
40066
40065
40064
40063
40062
40061
40060
40059
40058
40057
40056
40055
40054
40053
40052
40051
40050
40049
40048
40047
40046
40045
40044
40043
40042
40041
40040
40039
40038
40037
40036
40035
40034
40033
40032
40031
40030
40029
40028
40027
40026
40025
40024
40023
40022
40021
40020
40019
40018
40017
40016
40015
40014
40013
40012
40011
40010
40009
40008
40007
40006
40005
40004
40003
40002
40001
40000
39999
39998
39997
39996
39995
39994
39993
39992
39991
39990
39989
39988
39987
39986
39985
39984
39983
39982
39981
39980
39979
39978
39977
39976
39975
39974
39973
39972
39971
39970
39969
39968
39967
39966
39965
39964
39963
39962
39961
39960
39959
39958
39957
39956
39955
39954
39953
39952
39951
39950
39949
39948
39947
39946
39945
39944
39943
39942
39941
39940
39939
39938
39937
39936
39935
39934
39933
39932
39931
39930
39929
39928
39927
39926
39925
39924
39923
39922
39921
39920
39919
39918
39917
39916
39915
39914
39913
39912
39911
39910
39909
39908
39907
39906
39905
39904
39903
39901
39902
39900
39899
39898
39897
39896
39895
39894
39893
39892
39891
39890
39889
39888
39887
39886
39885
39884
39883
39882
39881
39880
39879
39878
39877
39876
39875
39874
39873
39872
39871
39870
39869
39868
39867
39866
39865
39864
39863
39862
39861
39860
39859
39858
39857
39856
39855
39854
39853
39852
39851
39850
39849
39848
39847
39846
39845
39844
39843
39842
39841
39840
39839
39838
39837
39836
39835
39834
39833
39832
39831
39830
39829
39828
39827
39826
39825
39824
39823
39822
39821
39820
39818
39819
39817
39816
39815
39814
39813
39812
39811
39810
39809
39808
39807
39806
39805
39804
39803
39802
39801
39800
39799
39798
39797
39796
39785
39795
39794
39793
39792
39791
39790
39789
39788
39787
39786
39784
39783
39782
39781