14077
108630
108629
108628
108627
108626
108625
108624
108623
108622
108621
108620
108619
108618
108617
108616
108615
108614
108613
108612
108611
108610
108609
108608
108607
108606
108605
108604
108603
108602
108601
108600
108599
108598
108597
108596
108595
108594
108593
108592
108591
108590
108589
108588
108587
108586
108585
108584
108583
108582
108581
108580
108579
108578
108577
108576
108575
108574
108573
108572
108571
108570
108569
108568
108567
108566
108565
108564
108563
108562
108561
108560
108559
108558
108557
108556
108555
108554
108553
108552
108551
108550
108549
108548
108547
108546
108545
108544
108543
108542
108541
108540
108539
108538
108537
108536
108535
108534
108533
108532
108531
108530
108529
108528
108527
108526
108525
108524
108523
108522
108521
108520
108519
108518
108517
108516
108515
108514
108513
108512
108511
108510
108509
108508
108507
108506
108505
108504
108503
108502
108501
108500
108499
108498
108497
108496
108495
108494
108493
108492
108491
108490
108489
108488
108487
108486
108485
108484
108483
108482
108481
108480
108479
108478
108477
108476
108475
108474
108473
108472
108471
108470
108469
108468
108467
108466
108465
108464
108463
108462
108461
108460
108459
108458
108457
108456
108455
108454
108453
108452
108451
108450
108449
108448
108447
108446
108445
108444
108443
108442
108441
108440
108439
108438
108437
108436
108435
108434
108433
108432
108431
108430
108429
108428
108427
108426
108425
108424
108423
108422
108421
108420
108419
108418
108417
108416
108415
108414
108413
108412
108411
108410
108409
108408
108407
108406
108405
108404
108403
108402
108401
108400
108399
108398
108397
108396
108395
108394
108383
108393
108392
108391
108390
108389
108388
108387
108386
108385
108384
108382
108381
108380
108379
108378
108377
108376
66934
66933
66932
66931
66930
63330
63329
63328
63327
63326
63325
63324
63323
63322
63321
63320
63319
63318
63317
63316
63315
63314
63313
63312
63311
63310
63309
63308
63307
63306
63305
63304
63303
63302
63301
63300
63299
63298
63297
63296
63295
63294
63293
63292
63291
63290
63289
63288
63287
63286
63285
63284
63283
63282
63281
63280
63279
63278
63277
63276
63275
63274
63273
63272
63271
63270
63269
63268
63267
63266
63265
63264
63263
63262
63261
63260
63259
63258
63257
63256
63255
63254
63253
63252
63251
63250
63249
63248
63247
63246
63245
63244
63243
63242
63239
63241
63240
63239
63238
63237
63236
63235
63234
63233
63232
63231
63230
63229
63228
63227
63226
63225
63224
63223
63222
63221
63220
63219
63218
63217
63216
63215
63214
63213
63212
63211
63210
63209
63208
63207
63206
63205
63204
63203
63202
63201
63200
63199
63198
63197
63196
63195
63194
63193
63192
63191
63190
63189
63188
63187
63186
63185
63184
63183
63182
63181
63180
63179
63178
63177
63176
63175
63174
63173
63172
63171
63170
63169
63168
63167
63166
63165
63164
63163
63162
63161
63160
63159
63158
63157
63156
63155
63154
63153
63152
63151
63150
63149
63148
63147
63146
63145
63144
63143
63142
63141
63140
63139
63138
63137
63136
63135
63134
63133
63132
63131
63130
63129
63128
63127
63126
63125
63124
63123
63122
63121
63120
63119
63118
63117
63116
63115
63114
63113
63112
63111
63110
63109
63108
63107
63106
63105
63104
63103
63102
63101
63100
63099
63098
63097
63096
63095
63094
63093
63092
63091
63090
63089
63088
63087
63086
63085
63084
63083
63082
63081
63080
63079
63078
63077
63076
63075
63074
63073
63072
63071
63070
63069
63068
63067
63066
63065
63064
63063
63062
63061
63060
63059
63058
63057
63056
63055
63054
63053
63052
63051
63050
63049
63048
63047
63046
63045
63044
63043
63042
63041
63040
63039
63038
63037
63036
63035
63034
63033
63032
63031
63030
63029
63028
63027
63026
63025
63024
63023
63022
63021
63020
63019
63018
63017
63016
63015
63014
63013
63012
63011
63010
63009
63008
63007
63006
63005
63004
63003
63002
63001
63000
62999
62998
62997
62996
62995
62994
62993
62992
62991
62990
62989
62988
62987
62986
62985
62984
62983
62982
62981
62980
62979
62978
62977
62976
62975
62974
62973
62972
62971
62970
62969
62968
62967
62966
62965
62964
62963
62962
62961
62960
62959
62958
62957
62956
62955
62954
62953
62952
62951
62950
62949
62948
62947
62946
62945
62944
62943
62942
62941
62940
62939
62938
62937
62936
62935
62934
62933
62932
62931
62930
62929
62928
62927
62926
62925
62924
62923
62922
62921
62920
62919
62918
62917
62916
62915
62914
62913
62912
62911
62910
62909
62908
62907
62906
62905
62904
62903
62902
62901
62900
62899
62898
62897
62896
62895
62894
62893
62892
62891
62890
62889
62888
62887
62886
62885
62884
62883
62882
62881
62880
62879
62878
62877
62876
62875
62874
62873
62872
62871
62870
62869
62868
62867
62866
62865
62864
62863
62862
62861
62860
62859
62858
62857
62856
62855
62854
62853
62852
62851
62850
62849
62848
62847
62846
62845
62844
62843
62842
62841
62840
62839
62838
62837
62836
62835
62834
62833
62832
62831
62830
62829
62828
62827
62826
62825
62824
62823
62822
62821
62820
62819
62818
62817
62816
62815
62814
62813
62812
62811
62810
61323
61322
61321
61320
61319
61318
61317
61316
61315
61314
61313
61312
61311
61310
61309
61308
61307
61306
61305
61304
61303
61302
61301
61300
61299
61298
61297
61296
61295
61294
61293
61292
61291
61290
61289
61288
61287
61286
61285
61284
61283
61282
61281
61280
61279
61278
61277
61276
61275
61274
61273
61272
61271
61270
61269
61268
61267
61266
61265
61264
61263
61262
61261
61260
61259
61258
61257
61256
61255
61254
61253
61252
61251
61250
61249
61248
61247
61246
61245
61244
61243
61242
61241
61240
61239
61238
61237
61236
61235
61234
61233
61232
61231
61230
61229
61228
61227
61226
61225
61224
61223
61222
61221
61220
61219
61218
61217
61216
61215
61214
61213
61212
61211
61210
61209
61208
61207
61206
61205
61204
61203
61202
61201
61200
61199
61198
61197
61196
61195
61194
61193
61192
61191
61190
61189
61188
61187
61186
61185
61184
61183
61182
61181
61180
61179
61178
61177
61176
61175
61174
61173
61172
61171
61170
61169
61168
61167
61166
61165
61164
61163
61162
61161
61160
61159
61158
61157
61156
61155
61154
61153
61152
61151
61142
61150
61149
61148
61147
61146
61145
61144
61143
61141
61140
61139
61138
61137
61136
61135
61134
61133
61132
61131
61130
61129
61128
61127
61126
61125
61124
61123
61122
61121
61120
61119
61118
61117
61116
61115
61114
61113
61112
61111
61110
61109
61108
61107
61106
61105
61104
61103
61102
61101
61100
61099
61098
61097
61096
61095
61094
61093
61092
61091
61090
61089
61088
61087
61086
61085
61084
61083
61082
61081
61080
61079
61078
61077
61076
61075
61074
61073
61072
61071
61070
61069
61068
61067
61066
61065
61064
61063
61062
61061
61060
61059
61058
61057
61056
61055
61054
61053
61052
61051
61050
61049
61048
61047
61046
61045
61044
61043
61042
61041
61040
61039
61038
61037
61036
61035
61034
61033
61032
61031
61030
61029
61028
61027
61026
61025
61024
61023
61022
61021
61020
61019
61018
61017
61016
61015
61014
61013
61012
61011
61010
61009
61008
61007
61006
61005
61004
61003
61002
61001
61000
60999
60998
60997
60996
60995
60994
60993
60992
60991
60990
60989
60988
60987
60986
60985
60984
60983
60982
60981
60980
60979
60978
60977
60976
60975
60974
60973
60972
60971
60970
60969
60968
60967
60966
60965
60964
60963
60962
60961
60960
60959
60958
60957
60956
60955
60954
60953
60952
60951
60950
60949
60948
60947
60946
60945
60944
60943
60942
60941
60940
60939
60938
60937
60936
60935
60934
60933
60932
60931
60930
60929
60928
60927
60926
60925
60924
60923
60922
60921
60920
60919
60918
60917
60916
60915
60914
60913
60912
60911
60910
60909
60908
60907
60906
60905
60904
60903
60902
60901
60900
60899
60898
60897
60896
60895
60894
60893
60892
60891
60890
60889
60888
60887
60886
60885
60884
60883
60882
60881
60880
60879
60878
60877
60876
60875
60874
60873
60872
60871
60870
60869
60868
60867
60866
60865
60864
60863
60862
60861
60860
60859
60858
60857
60856
60855
60854
60853
60852
60851
60850
60849
60848
60847
60846
60845
60844
60843
60842
60841
60840
60839
60838
60837
60836
60835
60834
60833
60832
60831
60830
60829
60828
60827
60826
60825
60824
60823
60822
60821
60820
60819
60818
60817
60816
60815
60814
60813
60812
60811
60810
60809
60808
60807
60806
60805
60804
60803
60802
60801
60800
60799
60798
60797
60796
60795
60794
60793
60792
60791
60790
60789
60788
60787
60786
60785
60784
60783
60782
60781
60780
60779
60778
60777
60776
60775
60774
60773
60772
60771
60770
60769
60768
60767
60766
60765
60764
60763
60762
60761
60760
60759
60758
60757
60756
60755
60754
60753
60752
60751
60750
42225
42224
42223
42222
42221
38621
38620
38619
38618
38617
38616
38615
38614
38613
38612
38611
38610
38609
38608
38607
38606
38605
38604
38603
38602
38601
38600
38599
38598
38597
38596
38595
38594
38593
38592
38591
38590
38589
38588
38587
38586
38585
38584
38583
38582
38581
38580
38579
38578
38577
38576
38575
38574
38573
38572
38571
38570
38569
38568
38567
38566
38565
38564
38563
38562
38561
38560
38559
38558
38557
38556
38555
38554
38553
38552
38551
38550
38549
38548
38547
38546
38545
38544
38543
38542
38541
38540
38539
38538
38537
38536
38535
38534
38533
38532
38531
38530
38529
38528
38527
38526
38525
38524
38523
38522
38521
38520
38519
38518
38517
38516
38515
38514
38513
38512
38511
38510
38509
38508
38507
38506
38505
38504
38503
38502
38501
38500
38499
38498
38497
38496
38495
38494
38493
38492
38491
38490
38489
38488
38487
38486
38485
38484
38483
38482
38481
38480
38479
38478
38477
38476
38475
38474
38473
38472
38471
38470
38469
38468
38467
38466
38465
38464
38463
38462
38461
38460
38459
38458
38457
38456
38455
38454
38453
38452
38451
38450
38449
38448
38447
38446
38445
38444
38443
38442
38441
38440
38439
38438
38437
38436
38435
38434
38433
38432
38431
38430
38429
38428
38427
38426
38425
38424
38423
38422
38421
38420
38419
38418
38417
38416
38415
38414
38413
38412
38411
38410
38409
38408
38407
38406
38405
38404
38403
38402
38401
38400
38399
38398
38397
38396
38395
38394
38393
38392
38391
38390
38389
38388
38387
38386
38385
38384
38383
38382
38381
38380
38379
38378
38377
38376
38375
38374
38373
38372
38371
38370
38369
38368
38367
38366
38365
38364
38363
38362
38361
38360
38359
38358
38357
38356
38355
38354
38353
38352
38351
38350
38349
38348
38347
38346
38345
38344
38343
38342
38341
38340
38339
38338
38337
38336
38335
38334
38333
38332
38331
38330
38329
38328
38327
38326
38325
38324
38323
38322
38321
38320
38319
38318
38317
38316
38315
38314
38313
38312
38311
38310
38309
38308
38307
38306
38305
38304
38303
38302
38301
38300
38299
38298
38297
38296
38295
38294
38293
38292
38291
38290
38289
38288
38287
38286
38285
38284
38283
38282
38281
38280
38279
38278
38277
38276
38275
38274
38273
38272
38271
38270
38269
38268
38267
38266
38265
38264
38263
38262
38261
38260
38259
38258
38257
38256
38255
38254
38253
38252
38251
38250
38249
38248
38247
38246
38245
38244
38243
38242
38241
38240
38239
38238
38237
38236
38235
38234
38233
38232
38231
38230
38229
38228
38227
38226
38225
38224
38223
38222
38221
38220
38219
38218
38217
38216
38215
38214
38213
38212
38211
38210
38209
38208
38207
38206
38205
38204
38203
38202
38201
38200
38199
38198
38197
38196
38195
38194
38193
38192
38191
38190
38189
38188
38187
38186
38185
38184
38183
38182
38181
38180
38179
38178
38177
38176
38175
38174
38173
38172
38171
38170
38169
38168
38167
38166
38165
38164
38163
38162
38161
38160
38159
38158
38157
38156
38155
38154
38153
38152
38151
38150
38149
38148
38147
38146
38145
38144
38143
38142
38141
38140
38139
38138
38137
38136
38135
38134
38133
38132
38131
38130
38129
38128
38127
38126
38125
38124
38123
38122
38121
38120
38119
38118
38117
38116
38115
38114
38113
38112
38111
38110
38109
38108
38107
38106
38105
38104
38103
38102
38101
36614
36613
36612
36611
36610
36609
36608
36607
36606
36605
36604
36603
36602
36601
36600
36599
36598
36597
36596
36595
36594
36593
36592
36591
36590
36589
36588
36587
36586
36585
36584
36583
36582
36581
36580
36579
36578
36577
36576
36575
36574
36573
36572
36571
36570
36569
36568
36567
36566
36565
36564
36563
36562
36561
36560
36559
36558
36557
36556
36555
36554
36553
36552
36551
36550
36549
36548
36547
36546
36545
36544
36543
36542
36541
36540
36539
36538
36537
36536
36535
36534
36533
36532
36531
36530
36529
36528
36527
36526
36525
36524
36523
36522
36521
36520
36519
36518
36517
36516
36515
36514
36513
36512
36511
36510
36509
36508
36507
36506
36505
36504
36503
36502
36501
36500
36499
36498
36497
36496
36495
36494
36493
36492
36491
36490
36489
36488
36487
36486
36485
36484
36473
36483
36482
36481
36480
36479
36478
36477
36476
36475
36474
36472
36471
36470
36469
36468
36467
36466
36465
36464
36463
36462
36461
36460
36459
36458
36457
36456
36455
36454
36453
36452
36451
36450
36449
36448
36447
36446
36445
36444
36443
36442
36441
36440
36439
36438
36437
36436
36435
36434
36433
36432
36431
36430
36429
36428
36427
36426
36425
36424
36423
36422
36421
36420
36419
36418
36417
36416
36415
36414
36413
36411
36412
36409
36410
36408
36407
36406
36405
36404
36403
36402
36401
36400
36399
36398
36397
36396
36395
36394
36393
36392
36391
36390
36389
36388
36387
36386
36385
36384
36383
36382
36381
36380
36379
36378
36377
36376
36375
36374
36373
36372
36371
36370
36369
36368
36367
36366
36365
36364
36363
36362
36361
36360
36359
36358
36357
36356
36355
36354
36353
36352
36351
36350
36349
36348
36347
36346
36345
36344
36343
36342
36341
36340
36339
36338
36337
36336
36335
36334
36333
36332
36331
36330
36329
36328
36327
36326
36325
36324
36323
36322
36321
36320
36319
36318
36317
36316
36315
36314
36313
36312
36311
36310
36309
36308
36307
36306
36305
36304
36303
36302
36301
36300
36299
36298
36297
36296
36295
36294
36293
36292
36291
36290
36289
36288
36287
36286
36285
36284
36283
36282
36281
36280
36279
36278
36277
36276
36275
36274
36273
36272
36271
36270
36269
36268
36267
36266
36265
36264
36263
36262
36261
36260
36259
36258
36257
36256
36255
36254
36253
36252
36251
36250
36249
36248
36247
36246
36245
36244
36243
36242
36241
36240
36239
36238
36237
36236
36235
36234
36233
36232
36231
36230
36229
36228
36227
36226
36225
36224
36223
36222
36221
36220
36219
36218
36217
36216
36215
36214
36213
36212
36211
36210
36209
36208
36207
36206
36205
36204
36203
36202
36201
36200
36199
36198
36197
36196
36195
36194
36193
36192
36191
36190
36189
36188
36187
36186
36185
36184
36183
36182
36181
36180
36179
36178
36177
36176
36175
36174
36173
36172
36171
36170
36169
36168
36167
36166
36165
36164
36163
36162
36161
36160
36159
36158
36157
36156
36155
36154
36153
36152
36151
36150
36149
36148
36147
36146
36145
36144
36143
36142
36141
36140
36139
36138
36137
36136
36135
36134
36133
36132
36131
36130
36129
36128
36127
36126
36125
36124
36123
36122
36121
36120
36119
36118
36117
36116
36115
36114
36113
36112
36111
36110
36109
36108
36107
36106
36105
36104
36103
36102
36101
36100
36099
36098
36097
36096
36095
36094
36093
36092
36091
36090
36089
36088
36087
36086
36085
36084
36083
36082
36081
36080
36079
36078
36077
36076
36075
36074
36073
36072
36071
36070
36069
36068
36067
36066
36065
36064
36063
36062
36061
36060
36059
36058
36057
36056
36055
36054
36053
36052
36051
36050
36049
36048
36047
36046
36045
36044
36043
36042
36041
18463
18450
18449
18451
18440
18435
14157
14156
14155
14154
14153
14152
14151
14150
14149
14148
14147
14146
14145
14144
14143
14142
14141
14139
14140
14138
14137
14136
14135
14134
14133
14132
14131
14130
14129
14128
14127
14126
14125
14124
14123
14122
14121
14120
14119
14118
14117
14116
14115
14114
14113
14110
14112
14111
14110
14109
14108
14107
14106
14105
14104
14103
14102
14101
14100
14099
14098
14097
14096
14095
14094
14093
14092
14091
14090
14089
14088
14087
14086
14085
14084
14083
14082
14081
14080
14079
14078
14077
14076
14075
14074
14073
14072
14071
14070
14069
14068
14067
14066
14065
14064
14063
14062
14061
14058
14060
14059
14058
14057
14056
14055
14054
14053
14052
14051
14050
14049
14048
14046
14045
14044
14043
14042
14041
14040
14039
14036
14038
14037
14036
14035
14034
14033
14032
14031
14030
14029
14028
14027
14026
14025
14024
14021
14023
14022
14021
14020
14019
14018
14017
14016
14015
14014
14013
14012
14011
14010
14009
14008
14007
14006
14005
14004
14003
14002
14001
14000
13999
13998
13997
13996
13995
13994
13993
13992
13991
13990
13989
13988
13987
13986
13985
13984
13983
13982
13981
13980
13979
13978
13977
13976
13975
13974
13973
13972
13971
13970
13969
13968
13967
13966
13965
13964
13963
13962
13961
13960
13959
13958
13957
13956
13955
13954
13953
13952
13950
13951
13950
13949
13948
13947
13946
13945
13944
13943
13942
13941
13940
13939
13938
13937
13936
13935
13934
13933
13930
13932
13931
13930
13929
13928
13927
13926
13925
13924
13923
13922
13921
13920
13919
13918
13917
13916
13915
13914
13913
13912
13911
13910
13909
13908
13907
13906
13905
13904
13903
13902
13901
13900
13899
13898
13897
13896
13895
13894
13893
13892
13891
13890
13889
13888
13887
13886
13885
13884
13883
13882
13881
13880
13879
13878
13877
13876
13875
13874
13873
13872
13871
13870
13869
13868
13867
13866
13865
13864
13863
13862
13861
13860
13859
13858
13857
13856
13855
13854
13853
13852
13851
13850
13849
13848
13847
13846
13845
13844
13843
13842
13841
13840
13839
13838
13837
13836
13835
13834
13833
13832
13831
13830
13829
13828
13827
13826
13825
13824
13823
13822
13820
13821
13819
13818
13817
13816
13815
13814
13813
13812
13811
13810
13809
13808
13807
13806
13805
13804
13803
13802
13801
13800
13799
13798
13797
13796
13795
13794
13793
13792
13791
13790
13789
13788
13787
13786
13785
13784
13783
13782
13781
13780
13779
13778
13777
13776
13775
13774
13773
13772
13771
13515
13514
13513
13512
13511
13510
13509
13508
13507
13506
13505
13504
13503
13502
13501
13500
13499
13498
13497
13496
13495
13494
13493
13492
13491
13490
13489
13488
13487
13486
13485
13484
13483
13482
13481
13480
13479
13478
13477
13476
13475
13474
13473
13472
13471
13470
13469
13468
13467
13466
13465
13464
13463
13462
13461
13460
13459
13458
13457
13456
13455
13454
13453
13452
13451
13450
13449
13448
13447
13446
13445
13444
13443
13442
13441
13440
13439
13438
13437
13436
13435
13434
13433
13432
13431
13430
13429
13428
13427
13426
13425
13424
13423
13422
13421
13420
13419
13418
13417
13416
13415
13414
13413
13412
13411
13410
13409
13408
13407
13406
13405
13404
13403
13402
13401
13400
13399
13398
13397
13396
13395
13394
13393
13392
13391
13390
13389
13388
13387
13386
13385
13384
13383
13382
13381
12309
12308
12307
12306
12305
12304
12303
12302
12301
12300
12299
12298
12297
12296
12295
12294
12293
12292
12291
12290
12289
12288
12287
12286
12285
12284
12283
12282
12281
12280
12279
12278
12277
12276
12275
12274
12273
12272
12271
12270
12269
12268
12267
12266
12265
12264
12263
12262
12261
12260
12259
12258
12257
12256
12255
12254
12253
12252
12251
12250
12249
12248
12247
12246
12245
12244
12243
12242
12241
12240
12239
12238
12237
12236
12235
12234
12233
12232
12231
12230
12229
12228
12227
12226
12225
12224
12223
12222
12221
12220
12219
12218
12217
12216
12215
12214
12213
12212
12211
12210
12209
12208
12207
12206
12205
12204
12203
12202
12201
12200
12199
12198
12197
12196
12195
12194
12193
12192
12191
12190
12189
12188
12187
12186
12185
12184
12183
12182
12181
12180
12179
12178
12177
12176
12175
12174
12173
12172
12171
12170
12169
12168
12167
12166
12165
12164
12163
12162
12161
12160
12159
12158
12157
12156
12155
12154
12153
12152
12151
12150
12149
12148
12147
12146
12145
12144
12143
12142
12141
12140
12139
12138
12137
12136
12135
12134
12133
12132
12131
12130
12129
12128
12127
12126
12125
12124
12123
12122
12121
12120
12119
12118
12117
12116
12115
12114
12113
12112
12111
12110
12109
12108
12107
12106
12105
12104
12103
12102
12101
12100
12099
12098
12097
12096
12095
12094
12093
12092
12091
12090
12089
12088
12087
12086
12085
12084
12083
12082
12081
12080
12079
12078
12077
12076
12075
12074
12073
12072
12071
12070
12069
12068
12067
12066
12065
12064
12063
12062
12061
12060
12059
12058
12057
12056
12055
12054
12053
12052
12051
12050
12049
12048
12047
12046
12045
12044
12043
12042
12041
12040
12039
12038
12037
12036
12035
12034
12033
12032
12031
12030
12029
12028
12027
12026
12025
12024
12023
12022
12021
12020
12019
12018
12017
12016
12015
12014
12013
12012
12011
12010
12009
12008
12007
12006
12005
12004
12003
12001
12002
12000
11999
11998
11997
11996
11995
11994
11993
11992
11991
11990
11989
11988
11987
11986
11985
11984
11983
11982
11981
11980
11979
11978
11977
11976
11975
11974
11973
11972
11971
11970
11969
11968
11967
11966
11965
11964
11963
11962
11961
11960
11959
11958
11957
11956
11955
11954
11953
11952
11951
11950
11949
11948
11947
11946
11945
11944
11943
11942
11941
11940
11939
11938
11937
11936
11935
11934
11933
11932
11931
11930
11929
11928
11927
11926
11925
11924
11923
11922
11921
11920
11919
11918
11917
11916
11915
11914
11913
11912
11911
11910
11909
11908
11907
11906
11905
11904
11903
11902
11901
11900
11899
11898
11897
11896
11895
11894
11893
11892
11891
11890
11889
11888
11887
11886
11885
11884
11883
11882
11881
11880
11879
11878
11877
11876
11875
11874
11873
11872
11871
11870
11869
11868
11867
11866
11865
11864
11863
11862
11861
11860
11859
11858
11857
11856
11855
11854
11853
11852
11851
11850
11849
11848
11847
11846
11845
11844
11843
11842
11841
11840
11839
11838
11837
11836
11835
11834
11833
11832
11831
11830
11829
11828
11827
11826
11825
11824
11823
11822
11821
11820
11819
11818
11817
11816
11815
11814
11813
11812
11811
11810
11809
11808
11807
11806
11805
11804
11803
11802
11801
11800
11799
11798
11797
11796
11795
11794
11793
11792
11791
11790
11789
11788
11787
11786
11785
11784
11783
11782
11781
11780
11779
11778
11777
11776
11775
11774
11773
11772
11771
11770
11769
11768
11767
11766
11765
11764
11763
11762
11761
11760
11759
11758
11757
11756
11755
11754
11753
11752
11751
11750
11749
11748
11747
11746
11745
11744
11743
11742
11741
11740
11738
11739
11737
11736
11735
11734
11733
11732
11731
145535
145534
145533
145532
145531
145530
145529
145528
145527
145526
145525
145524
145523
145522
145521
145520
145519
145518
145517
145516
145515
145514
145513
145512
145511
145510
145509
145508
145507
145506
145505
145504
145503
145502
145501
145500
145499
145498
145497
145496
145495
145494
145493
145492
145491
145490
145489
145488
145487
145486
145485
145484
145483
145482
145481
145480
145479
145478
145477
145476
145475
145474
145473
145472
145471
145470
145469
145468
145467
145466
145465
145464
145463
145462
145461
145460
145459
145458
145457
145456
145455
145454
145453
145452
145451
145450
145449
145448
145447
145446
145445
145444
145443
145442
145441
145440
145439
145438
145437
145436
145434
145435
145433
145432
145431
145430
145429
145428
145427
145426
145425
145424
145423
145422
145421
145420
145419
145418
145417
145416
145415
145414
145413
145412
145411
145410
145409
145408
145407
145406
145405
145404
145403
145402
145401
145400
145399
145398
145397
145396
145395
145394
145393
145392
145391
145390
145389
145388
145387
145386
145385
145384
145383
145382
145381
145380
145379
145378
145377
145376
145375
145374
145373
145372
145371
145370
145369
145368
145367
145366
145365
145364
145363
145362
145361
145360
145359
145358
145357
145356
145355
145354
145353
145352
145351
145350
145349
145348
145347
145346
145345
145344
145343
145342
145341
145340
145339
145338
145337
145336
145335
145334
145333
145332
145331
145330
145329
145328
145327
145326
145325
145324
145323
145322
145321
145320
145319
145318
145317
145316
145315
145314
145313
145312
145311
145310
145309
145308
145307
145306
145305
145304
145303
145302
145301
145300
145299
145298
145297
145296
145295
145294
145293
145292
145291
145290
145289
145288
145287
145286
145285
145284
145283
145282
145281
145280
145279
145278
145277
145276
145275
145274
145273
145272
145271
145270
145269
145268
145267
145266
145265
145264
145263
145262
145261
145260
145259
145258
145257
145256
145255
145254
145253
145252
145251
145250
145249
145248
145247
145246
145245
145244
145243
145242
145241
145240
145239
145238
145237
145236
145235
145234
145233
145232
145231
145230
145229
145228
145227
145226
145225
145224
145223
145222
145221
145220
145219
145218
145217
145216
145215
145214
145213
145212
145211
145210
145209
145208
145207
145206
145205
145204
145203
145202
145201
145200
145199
145198
145197
145196
145195
145194
145191
145190
145189
145188
145187
145186
145185
145184
145183
145182
145181
145180
145179
145178
145177
145176
145175
145174
145173
145172
145171
145170
145169
145168
145167
145166
145165
145164
145163
145162
145161
145160
145159
145158
145157
145156
145155
145154
145153
145152
145151
145150
145149
145148
145147
145146
145145
145144
145143
145142
145141
145140
145139
145138
145137
145136
145135
145134
145133
145132
145131
145130
145129
145128
145127
145126
145125
145124
145123
145122
145121
145120
145119
145118
145117
145116
145115
145114
145113
145112
145111
145110
145109
145108
145107
145106
145105
145104
145103
145102
145101
145100
145099
145098
145097
145096
145095
145094
145093
145092
145091
145090
145089
145088
145087
145086
145085
145084
145083
145082
145081
145080
145079
145078
145077
145076
145075
145074
145073
145072
145071
145070
145069
145068
145067
145066
145065
145064
145063
145062
145061
145060
145059
145058
145057
145056
145055
145054
145053
145052
145051
145050
145049
145048
145047
145046
145045
145044
145043
145042
145041
145040
145039
145038
145037
145036
145035
145034
145033
145032
145031
145030
145029
145028
145027
145026
145025
145024
145023
145022
145021
145020
145019
145018
145017
145016
145015
145014
145013
143531
143530
143529
143528
143527
143526
143525
143524
143523
143522
143521
143520
143519
143518
143517
143516
143515
143514
143513
143512
143511
143510
143509
143508
143507
143506
143505
143504
143503
143502
143501
143500
143499
143498
143497
143496
143495
143494
143493
143492
143491
143490
143489
143488
143487
143486
143485
143484
143483
143482
143481
143480
143479
143478
143477
143476
143475
143474
143473
143472
143471
143470
143469
143468
143467
143466
143465
143464
143463
143462
143461
143460
143459
143458
143457
143456
143455
143454
143453
143452
143451
143450
143449
143448
143447
143446
143445
143444
143443
143442
143441
143440
143439
143438
143437
143436
143435
143434
143433
143432
143431
143430
143429
143428
143427
143426
143425
143424
143423
143422
143421
143419
143420
143418
143417
143416
143415
143414
143413
143412
143411
143410
143409
143408
143407
143406
143405
143404
143403
143402
143401
143400
143399
143398
143397
143396
143395
143394
143393
143392
143391
143390
143389
143388
143387
143386
143385
143384
143383
143382
143381
143380
143379
143378
143377
143376
143375
143374
143373
143372
143371
143370
143369
143368
143367
143366
143365
143364
143363
143362
143361
143360
143359
143358
143357
143356
143355
143354
143353
143352
143351
143350
143349
143348
143347
143346
143345
143344
143343
143342
143341
143340
143339
143338
143337
143336
143335
143334
143333
143332
143331
143330
143329
143328
143327
143326
143325
143324
143323
143322
143321
143320
143319
143318
143317
143316
143315
143314
143313
143312
143311
143310
143309
143308
143307
143306
143305
143304
143303
143302
143301
143300
143299
143298
143297
143296
143295
143294
143292
143293
143291
143290
143289
143288
143287
143286
143285
143284
143283
143282
143281
143280
143279
143278
143277
143276
143275
143274
143273
143272
143271
143270
143269
143268
143267
143266
143265
143264
143263
143262
143261
143260
143259
143258
143257
143256
143255
143254
143253
143252
143251
143250
143249
143248
143247
143246
143245
143244
143243
143242
143241
143240
143239
143238
143237
143236
143235
143234
143233
143232
143231
143230
143229
143228
143227
143226
143225
143224
143223
143222
143221
143220
143219
143218
143217
143216
143215
143214
143213
143212
143211
143210
143209
143208
143207
143206
143205
143204
143203
143202
143201
143200
143199
143198
143197
143196
143195
143194
143193
143192
143191
143190
143189
143188
143187
143186
143185
143184
143183
143182
143181
143180
143179
143178
143177
143176
143175
143174
143173
143172
143171
143170
143169
143168
143167
143166
143165
143164
143163
143162
143161
143160
143159
143158
143157
143156
143155
143154
143153
143152
143151
143150
143149
143148
143147
143146
143145
143144
143143
143142
143141
143140
143139
143138
143137
143136
143135
143134
143133
143132
143131
143130
143129
143128
143127
143126
143125
143124
143123
143122
143121
143120
143119
143118
143117
143116
143115
143114
143113
143112
143111
143110
143109
143108
143107
143106
143105
143104
143103
143102
143101
143100
143099
143098
143097
143096
143095
143094
143093
143092
143091
143090
143089
143088
143087
143086
143085
143084
143083
143082
143081
143080
143079
143078
143077
143076
143075
143074
143073
143072
143071
143070
143069
143068
143067
143066
143065
143064
143063
143062
143061
143060
143059
143058
143057
143056
143055
143054
143053
143052
143051
143050
143049
143048
143047
143046
143045
143044
143043
143042
143041
143040
143039
143038
143037
143036
143035
143034
143033
143032
143031
143030
143029
143028
143027
143026
143025
143024
143023
143022
143021
143020
143019
143018
143017
143016
143015
143014
143013
143012
143011
143010
143009
143008
143007
143006
143005
143004
143003
143002
143001
143000
142999
142998
142997
142996
142995
142994
142993
142992
142991
142990
142989
142988
142987
142986
142985
142984
142983
142982
142981
142980
142979
142978
142977
142976
142975
142974
142973
142972
142971
142970
142969
142968
142967
142966
142965
142964
142963
142962
142961
142960
142959
142958
142957
142956
142955
142954
142953
121135
121134
121133
121132
121131
121130
121129
121128
121127
121126
121125
121124
121123
121122
121121
121120
121119
121118
121117
121116
121115
121113
121114
121112
121111
121110
121109
121108
121107
121106
121105
121104
121103
121102
121101
121100
121099
121098
121097
121096
121095
121094
121093
121092
121091
121090
121089
121088
121087
121086
121085
121084
121083
121082
121081
121080
121079
121078
121077
121076
121075
121074
121073
121072
121071
121070
121069
121068
121067
121066
121065
121064
121063
121062
121061
121060
121059
121058
121057
121056
121055
121054
121053
121052
121051
121050
121049
121048
121047
121046
121045
121044
121043
121042
121041
121040
121039
121038
121037
121036
121035
121034
121033
121032
121031
121030
121029
121028
121027
121026
121025
121024
121023
121022
121021
121020
121019
121018
121017
121016
121015
121014
121013
121012
121011
121010
121009
121008
121007
121006
121005
121004
121003
121002
121001
121000
120999
120998
120997
120996
120995
120994
120993
120992
120991
120990
120989
120988
120987
120986
120985
120984
120983
120982
120981
120980
120979
120978
120977
120976
120975
120974
120973
120972
120971
120970
120969
120968
120967
120966
120965
120964
120963
120962
120961
120960
120959
120958
120957
120956
120955
120954
120953
120952
120951
120950
120949
120948
120947
120946
120945
120944
120943
120942
120941
120940
120939
120938
120937
120936
120935
120934
120933
120932
120931
120930
120929
120928
120927
120926
120925
120924
120923
120922
120921
120920
120919
120918
120917
120916
120915
120914
120913
120912
120911
120910
120909
120908
120907
120906
120905
120904
120903
120902
120901
120900
120899
120898
120897
120896
120895
120894
120893
120892
120891
120890
120889
120888
120887
120886
120885
120884
120883
120882
120881
120880
120879
120878
120877
120876
120875
120874
120873
120872
120871
120870
120869
120868
120867
120866
120865
120864
120863
120862
120861
120860
120859
120858
120857
120856
120855
120854
120853
120852
120851
120850
120849
120848
120847
120846
120845
120844
120843
120842
120841
120840
120839
120838
120837
120836
120835
120834
120833
120832
120831
120830
120829
120828
120827
120826
120825
120824
120823
120822
120821
120820
120819
120818
120817
120816
120815
120814
120813
120812
120811
120810
120809
120808
120807
120806
120805
120804
120803
120802
120801
120800
120799
120798
120797
120796
120795
120794
120793
120792
120791
120790
120789
120788
120786
120787
120785
120784
120783
120782
120781
120780
120779
120778
120777
120776
120775
120774
120773
120772
120771
120770
120769
120768
120767
120766
120765
120764
120763
120762
120761
120760
120759
120758
120757
120756
120755
120754
120753
120752
120751
120750
120749
120748
120747
120746
120745
120744
120743
120742
120741
120740
120739
120738
120737
120736
120735
120734
120733
120732
120731
120730
120729
120728
120727
120726
120725
120724
120723
120722
120721
120720
120719
120718
120717
120716
120715
120714
120713
120712
120711
120710
120709
120708
120707
120706
120705
120704
120703
120702
120701
120700
120699
120698
120697
120696
120695
120694
120693
120692
120691
120690
120689
120688
120687
120686
120685
120684
120683
120682
120681
120680
120679
120678
120677
120676
120675
120674
120673
120672
120671
120670
120669
120668
120667
120666
120665
120664
120663
120662
120661
120660
120659
120658
120657
120656
120655
120654
120653
120652
120651
120650
120649
120648
120647
120646
120645
120644
120643
120642
120641
120640
120639
120638
120637
120636
120635
120634
120633
120632
120631
120630
120629
120628
120627
120626
120625
120624
120623
120622
120621
120620
120619
120618
120617
120616
118830
118829
118828
118827
118826
118825
118824
118823
118822
118821
118820
118819
118818
118817
118816
118815
118814
118813
118812
118811
118810
118809
118808
118807
118806
118805
118804
118803
118802
118801
118800
118799
118798
118797
118796
118795
118794
118793
118792
118791
118790
118789
118788
118787
118786
118785
118784
118783
118782
118781
118780
118779
118778
118777
118776
118775
118774
118773
118772
118771
118770
118769
118768
118767
118766
118765
118764
118763
118762
118761
118760
118759
118758
118757
118756
118755
118754
118753
118752
118751
118750
118749
118748
118747
118746
118745
118744
118743
118742
118741
118740
118739
118738
118737
118736
118735
118734
118733
118732
118731
118730
118729
118728
118727
118726
118725
118724
118723
118722
118721
118720
118719
118718
118717
118716
118715
118714
118713
118712
118711
118710
118709
118708
118707
118706
118705
118704
118703
118702
118701
118700
118699
118698
118697
118696
118695
118694
118693
118692
118691
118690
118689
118688
118687
118686
118685
118684
118683
118682
118681
118680
118679
118678
118677
118676
118675
118674
118673
118672
118671
118670
118669
118668
118667
118666
118665
118664
118663
118662
118661
118660
118659
118658
118657
118656
118655
118654
118653
118652
118651
118650
118649
118648
118647
118646
118645
118644
118643
118642
118641
118640
118639
118638
118637
118636
118635
118634
118633
118632
118631
118630
118629
118628
118627
118626
118625
118624
118623
118622
118621
118620
118619
118618
118617
118607
118606
118616
118615
118614
118613
118612
118611
118610
118609
118608
118605
118604
118603
118602
118601
118600
118599
118598
118597
118596
118595
118594
118593
118592
118591
118590
118589
118588
118587
118586
118585
118584
118583
118582
118581
118580
118579
118578
118577
118576
118575
118574
118573
118572
118571
118570
118569
118568
118567
118566
118565
118564
118563
118562
118561
118560
118559
118558
118557
118556
118555
118554
118553
118552
118551
118550
118549
118548
118547
118546
118545
118544
118543
118542
118541
118540
118539
118538
118537
118536
118535
118534
118533
118532
118531
118530
118529
118528
118527
118526
118525
118524
118523
118522
118521
118520
118519
118518
118517
118516
118515
118514
118513
118512
118511
118510
118509
118508
118507
118506
118505
118504
118503
118502
118501
118500
118499
118498
118497
118496
118495
118494
118493
118492
118491
118490
118489
118488
118487
118486
118485
118484
118483
118482
118481
118480
118479
118478
118477
118476
118475
118474
118473
118472
118471
118470
118469
118468
118467
118466
118465
118464
118463
118462
118461
118460
118459
118458
118457
118456
118455
118454
118453
118452
118451
118450
118449
118448
118447
118446
118445
118444
118443
118442
118441
118440
118439
118438
118437
118436
118435
118434
118433
118432
118431
118430
118429
118428
118427
118426
118425
118424
118423
118422
118421
118420
118419
118418
118417
118416
118415
118414
118413
118412
118411
118410
118409
118408
118407
118406
118405
118404
118403
118402
118401
118400
118399
118398
118397
118396
118395
118394
118393
118392
118391
118390
118389
118388
118387
118386
118385
118384
118383
118382
118381
118380
118379
118378
118377
118376
118375
118374
118373
118372
118371
118370
118369
118368
118367
118366
118365
118364
118363
118362
118361
118360
118359
118358
118357
118356
118355
118354
118353
118352
118351
118350
118349
118348
118347
118346
118345
118344
118343
118342
118341
118340
118339
118338
118337
118336
118335
118334
118333
118332
118331
118330
118329
118328
118327
118326
118325
118324
118323
118322
118321
118320
118319
118318
118317
118316
118315
118314
118313
118312
118311
118310
118309
118308
118307
118306
118305
118304
118303
118302
118301
118300
118299
118298
118297
118296
118295
118294
118293
118292
118291
118290
118289
118288
118287
118286
118285
118284
118283
118282
118281
118280
118279
118278
118277
118276
118275
118274
118273
118272
118271
118270
118269
118268
118267
118266
118265
118264
118263
118262
118261
118260
118259
118258
118257
118256
118255
118254
118253
118252
95049
95048
95047
95046
95045
95044
95043
95042
95041
95040
95039
95038
95037
95036
95035
95034
95033
95032
95031
95030
95029
95028
95027
95026
95025
95024
95023
95022
95021
95020
95019
95018
95017
95016
95015
95014
95013
95012
95011
95010
95009
95008
95007
95006
95005
95004
95003
95002
95001
95000
94999
94998
94997
94996
94995
94994
94993
94992
94991
94990
94989
94988
94987
94986
94985
94984
94983
94982
94981
94980
94979
94978
94977
94976
94975
94974
94973
94972
94971
94970
94969
94968
94967
94966
94965
94964
94963
94962
94961
94960
94959
94958
94957
94956
94955
94954
94953
94952
94951
94950
94949
94948
94947
94946
94945
94944
94943
94942
94941
94940
94939
94938
94937
94936
94935
94934
94933
94932
94931
94930
94929
94928
94927
94926
94925
94924
94923
94922
94921
94920
94919
94918
94917
94916
94915
94914
94913
94912
94911
94910
94909
94908
94907
94906
94905
94904
94903
94902
94901
94900
94899
94898
94897
94896
94895
94894
94893
94892
94891
94890
94889
94888
94887
94886
94885
94884
94883
94882
94881
94880
94879
94878
94877
94876
94875
94874
94873
94872
94871
94870
94869
94868
94867
94866
94865
94864
94863
94862
94861
94860
94859
94858
94857
94856
94855
94854
94853
94852
94851
94850
94849
94848
94847
94846
94845
94844
94843
94842
94841
94840
94839
94838
94837
94836
94835
94834
94833
94832
94831
94830
94829
94828
94827
94826
94825
94824
94823
94822
94821
94820
94819
94818
94817
94816
94815
94814
94813
94812
94811
94810
94809
94808
94807
94806
94805
94804
94803
94802
94801
94800
94799
94798
94797
94796
94795
94794
94793
94792
94791
94790
94789
94788
94787
94786
94785
94784
94783
94782
94781
94780
94779
94778
94777
94776
94775
94774
94773
94772
94771
94770
94769
94768
94767
94766
94765
94764
94763
94762
94761
94760
94759
94758
94757
94756
94755
94754
94753
94752
94751
94750
94749
94748
94747
94746
94745
94744
94743
94742
94741
94740
94739
94738
94737
94736
94735
94734
94733
94732
94731
94730
94729
94728
94727
94726
94725
94724
94723
94722
94721
94720
94719
94718
94717
94716
94715
94714
94713
94712
94711
94710
94709
94708
94707
94706
94705
94704
94703
94702
94701
94700
94699
94698
94697
94696
94695
94694
94693
94692
94691
94690
94689
94688
94687
94686
94685
94684
94683
94682
94681
94680
94679
94678
94677
94676
94675
94674
94673
94672
94671
94670
94669
94668
94667
94666
94665
94664
94663
94662
94661
94660
94659
94658
94657
94656
94655
94654
94653
94652
94651
94650
94649
94648
94647
94646
94645
94644
94643
94642
94641
94640
94639
94638
94637
94636
94635
94634
94633
94632
94631
94630
94629
94628
94627
94626
94625
94624
94623
94622
94621
94620
94619
94618
94617
94616
94615
94614
94613
94612
94611
94610
94609
94608
94607
94606
94605
94604
94603
94602
94601
94600
94599
94598
94597
94596
94595
94594
94593
94592
94591
94590
94589
94588
94587
94586
94585
94584
94583
94582
94581
94580
94579
94578
94577
94576
94575
94574
94573
94572
94571
94570
94569
94568
94567
94566
94565
94564
94563
94562
94142
94141
94140
94139
94137
94138
94136
94135
94134
94133
94132
94131
94130
94129
94128
94127
94126
94125
94124
94123
94122
94121
94120
94119
94118
94117
94116
94115
94114
94113
94112
94111
94110
94109
94108
94107
94106
94105
94104
94103
94102
94101
94100
94099
94098
94097
94096
94095
94094
94093
94092
94091
94090
94089
94088
94087
94086
94085
94084
94083
94082
94081
94080
94079
94078
94077
94076
94075
94074
94073
94072
94071
94070
94069
94068
94067
94066
94065
94064
94063
94062
94061
94060
94059
94058
94057
94056
94055
94054
94053
94052
94051
94050
94049
94048
94047
94046
94045
94044
94043
94042
94041
94040
94039
94038
94037
94036
94035
94034
94033
94032
94031
94030
94029
94028
94027
94026
94025
94024
94023
94022
94021
94020
94019
94008
94018
94017
94016
94015
94014
94013
94012
94011
94010
94009
94007
94006
94005
94004
94003
94002
94001
94000
93999
93998
93997
93996
93995
93994
93993
93992
93991
93990
93989
93988
93987
93986
93985
93984
93983
93982
93981
93980
93979
93978
93977
93976
93975
93974
93973
93972
93971
93970
93969
93968
93967
93966
93965
93964
93963
93962
93961
93960
93959
93958
93957
93956
93955
93954
93953
93952
93951
93950
93949
93948
93947
93946
93945
93944
93943
93942
93941
93940
93939
93938
93937
93936
93935
93934
93933
93932
93931
93930
93929
93928
93927
93926
93925
93924
93923
93922
93921
93920
93919
93918
93917
93916
93915
93914
93913
93912
93911
93910
93909
93908
93907
93906
93905
93904
93903
93902
93901
93900
93899
93898
93897
93896
93895
93894
93893
93892
93891
93890
93889
93888
93887
93886
93885
93884
93883
93882
93881
93880
93879
93878
93877
93876
93875
93874
93873
93872
93871
93870
93869
93868
93867
93866
93865
93864
93863
93862
93861
93860
93859
93858
93857
93856
93855
93854
93853
93852
93851
93850
93849
93848
93847
93846
93845
93844
93843
93842
93841
93840
93839
93838
93837
93836
93835
93834
93833
93832
93831
93830
93829
93828
93827
93826
93825
93824
93823
93822
93821
93820
93819
93818
93817
93816
93815
93814
93813
93812
93811
93810
93809
93808
93807
93806
93805
93804
93803
93802
93801
93800
93799
93798
93797
93796
93795
93794
93793
93792
93791
93790
93789
93788
93787
93786
93785
93784
93783
93782
93781
93780
93779
93778
93777
93776
93775
93774
93773
93772
93771
93770
93769
93768
93767
93766
93765
93764
93763
93762
93761
93760
93759
93758
93757
93756
93755
93754
93753
93752
93751
93750
93749
93748
93747
93746
93745
93744
93743
93742
93741
93740
93739
93738
93737
93736
93735
93734
93733
93732
93731
93730
93729
93728
93727
93726
93725
93724
93723
93722
93721
93720
93719
93718
93717
93716
93715
93714
93713
93712
93711
93710
93709
93708
93707
93706
93705
93704
93703
93702
93701
93700
93699
93698
93697
93696
93695
93694
93693
93692
93691
93690
93689
93688
93687
93686
93685
93684
93683
93682
93681
93680
93679
93678
93677
93676
93675
93674
93673
93672
93671
93670
93669
93668
93667
93666
93665
93664
93663
93662
93661
93660
93659
93658
93657
93656
93655
93654
93653
93652
93651
93650
93649
93648
93647
93646
93645
93644
93643
93642
93641
93640
93639
93638
93637
93636
93635
93634
93633
93632
93631
93630
93629
93628
93627
93626
93625
93624
93623
93622
93621
93620
93619
93618
93617
93616
93615
93614
93613
93612
93611
93610
93609
93608
93607
93606
93605
93604
93603
93602
93601
93600
93599
93598
93597
93596
93595
93594
93593
93592
93591
93590
93589
93588
93587
93586
93585
93584
93583
93582
93581
93580
93579
93578
93577
93576
93575
93574
93573
93572
93571
93570
93569
93568
93567
93566
93565
93564
93563
93562
93561
93560
93559
93558
93557
93556
93555
93554
93553
93552
93551
93550
93549
93548
93547
93546
93545
93544
93543
93542
93541
93540
93539
93538
93537
93536
93535
93534
93533
93532
70330
70329
70328
70327
70326
70325
70324
70323
70322
70321
70320
70319
70318
70317
70316
70315
70314
70313
70312
70311
70310
70309
70308
70307
70306
70305
70304
70303
70302
70301
70300
70299
70298
70287
70297
70296
70295
70294
70293
70292
70291
70290
70289
70288
70286
70285
70284
70283
70282
70281
70280
70279
70278
70277
70276
70275
70274
70273
70272
70271
70270
70269
70268
70267
70266
70265
70264
70263
70262
70261
70260
70259
70258
70257
70256
70255
70254
70253
70252
70251
70250
70249
70248
70239
70247
70238
70246
70245
70234
70244
70243
70242
70241
70240
70237
70236
70235
70233
70232
70231
70230
70229
70228
70227
70226
70225
70224
70223
70222
70221
70220
70219
70218
70217
70216
70215
70214
70213
70212
70211
70210
70209
70208
70207
70206
70205
70204
70203
70202
70201
70200
70199
70198
70197
70196
70195
70194
70193
70192
70191
70190
70189
70188
70187
70186
70185
70184
70183
70182
70181
70180
70179
70178
70177
70176
70175
70174
70173
70172
70171
70170
70169
70168
70167
70166
70165
70164
70163
70162
70161
70160
70159
70158
70157
70156
70155
70154
70153
70152
70151
70150
70149
70148
70147
70146
70145
70144
70143
70142
70141
70140
70139
70138
70137
70136
70135
70134
70133
70132
70131
70130
70129
70128
70127
70126
70125
70124
70123
70122
70121
70120
70119
70118
70117
70116
70115
70114
70113
70112
70111
70110
70109
70108
70107
70106
70105
70104
70103
70102
70101
70100
70099
70098
70097
70096
70095
70094
70093
70092
70091
70090
70089
70088
70087
70086
70085
70084
70083
70082
70081
70080
70079
70078
70077
70076
70075
70074
70073
70072
70071
70070
70069
70068
70067
70066
70065
70064
70063
70062
70061
70060
70059
70058
70057
70056
70055
70054
70053
70052
70051
70050
70049
70048
70047
70046
70045
70044
70043
70042
70041
70040
70039
70038
70037
70036
70035
70034
70033
70032
70031
70030
70029
70028
70027
70026
70025
70024
70023
70022
70021
70020
70019
70018
70017
70016
70015
70014
70013
70012
70011
70010
70009
70008
70007
70006
70005
70004
70003
70002
70001
70000
69999
69998
69997
69996
69995
69994
69993
69992
69991
69990
69989
69988
69987
69986
69985
69984
69983
69982
69981
69980
69979
69978
69977
69976
69975
69974
69973
69972
69971
69970
69969
69968
69967
69966
69965
69964
69963
69962
69961
69960
69959
69958
69957
69956
69955
69954
69953
69952
69951
69950
69949
69948
69947
69946
69945
69944
69943
69942
69941
69940
69939
69938
69937
69936
69935
69934
69933
69932
69931
69930
69929
69928
69927
69926
69925
69924
69923
69922
69921
69920
69919
69918
69917
69916
69915
69914
69913
69912
69911
69910
69909
69908
69907
69906
69905
69904
69903
69902
69901
69900
69898
69897
69896
69895
69894
69893
69892
69891
69890
69889
69888
69887
69886
69885
69884
69883
69882
69881
69880
69879
69878
69877
69876
69875
69874
69873
69872
69871
69870
69869
69868
69867
69866
69865
69864
69863
69862
69861
69860
69859
69858
69857
69856
69855
69854
69853
69852
69851
69850
69849
69848
69847
69846
69845
69844
69843
69842
69422
69421
69420
69419
69418
69417
69416
69415
69414
69413
69412
69411
69410
69409
69408
69407
69406
69405
69404
69403
69402
69401
69400
69399
69398
69397
69396
69395
69394
69393
69392
69391
69390
69389
69388
69387
69386
69385
69384
69383
69382
69381
69380
69379
69378
69377
69376
69375
69374
69373
69372
69371
69370
69369
69368
69367
69366
69365
69364
69363
69362
69361
69360
69359
69358
69357
69356
69355
69354
69353
69352
69351
69350
69349
69348
69347
69346
69345
69344
69343
69342
69341
69340
69339
69338
69337
69336
69335
69334
69333
69332
69331
69330
69329
69328
69327
69326
69325
69324
69323
69322
69321
69320
69319
69318
69317
69316
69315
69314
69313
69312
69311
69310
69309
69308
69307
69306
69305
69304
69303
69302
69301
69300
69299
69298
69297
69296
69295
69294
69293
69292
69291
69290
69289
69288
69287
69286
69285
69284
69283
69282
69281
69280
69279
69278
69277
69276
69275
69274
69273
69272
69271
69270
69269
69268
69267
69266
69265
69264
69263
69262
69261
69260
69259
69258
69257
69256
69255
69254
69253
69252
69251
69250
69249
69248
69247
69246
69245
69244
69243
69242
69241
69240
69239
69238
69237
69236
69235
69234
69233
69232
69231
69230
69229
69228
69227
69226
69225
69224
69223
69222
69221
69220
69219
69218
69217
69216
69215
69214
69213
69212
69211
69210
69209
69208
69207
69206
69205
69204
69193
69203
69202
69201
69200
69199
69198
69197
69196
69195
69194
69192
69191
69190
69189
69188
69187
69186
69185
69184
69183
69182
69181
69180
69179
69178
69177
69176
69175
69174
69173
69172
69171
69170
69169
69168
69167
69166
69165
69164
69163
69162
69161
69160
69159
69158
69157
69156
69155
69154
69153
69152
69151
69150
69149
69148
69147
69146
69145
69144
69143
69142
69141
69140
69139
69138
69137
69136
69135
69134
69133
69132
69131
69130
69129
69128
69127
69126
69125
69124
69123
69122
69121
69120
69119
69118
69117
69116
69115
69114
69113
69112
69111
69110
69109
69108
69107
69106
69105
69104
69103
69102
69101
69100
69099
69098
69097
69096
69095
69094
69093
69092
69091
69090
69089
69088
69087
69086
69085
69084
69083
69082
69081
69080
69079
69078
69077
69076
69075
69074
69073
69072
69071
69070
69069
69068
69067
69066
69065
69064
69063
69062
69061
69060
69059
69058
69057
69056
69055
69054
69053
69052
69051
69050
69049
69048
69047
69046
69045
69044
69043
69042
69041
69040
69039
69038
69037
69036
69035
69034
69033
69032
69031
69030
69029
69028
69027
69026
69025
69024
69023
69022
69021
69020
69019
69018
69017
69016
69015
69014
69013
69012
69011
69010
69009
69008
69007
69006
69005
69004
69003
69002
69001
69000
68999
68998
68997
68996
68995
68994
68993
68992
68991
68990
68989
68988
68987
68986
68985
68984
68983
68982
68981
68980
68979
68978
68977
68976
68975
68974
68973
68972
68971
68970
68969
68968
68967
68966
68965
68964
68963
68962
68961
68960
68959
68958
68957
68956
68955
68954
68953
68952
68951
68950
68949
68948
68947
68946
68945
68944
68943
68942
68941
68940
68939
68938
68937
68936
68935
68934
68933
68932
68931
68930
68929
68928
68927
68926
68925
68924
68923
68922
68921
68920
68919
68918
68917
68916
68915
68914
68913
68912
68911
68910
68909
68908
68907
68906
68905
68904
68903
68902
68901
68900
68899
68898
68897
68896
68895
68894
68893
68892
68891
68890
68889
68888
68887
68886
68885
68884
68883
68882
68881
68880
68879
68878
68877
68876
68875
68874
68873
68872
68871
68870
68869
68868
68867
68866
68865
68864
68863
68862
68861
68860
68859
68858
68857
68856
68855
68854
68853
68852
68851
68850
68849
68848
68847
68846
68845
68844
68843
68842
68841
68840
68839
68838
68837
68836
68835
68834
68833
68832
68831
68830
68829
68828
68827
68826
68825
68824
68823
68822
68821
68820
68819
68818
68817
68816
68815
68814
68813
68812
11916
113902
88384
49050
49049
49048
49036
49035
49034
49033
49032
49031
49030
49029
49028
49027
49026
49025
49024
49023
49022
49021
49020
49019
49018
49017
49016
49015
49014
49013
49012
49011
49010
49009
49008
49007
49006
49005
49004
49003
49002
49001
49000
48999
48998
48997
48996
48995
48994
48993
48992
48991
48990
48989
48988
48987
48986
48985
48984
48983
48982
48981
48980
48979
48978
48977
48976
48975
48974
48973
48972
48971
48970
48969
48968
48967
48966
48965
48964
48963
48962
48961
42075
42074
42073
42072
42071
42070
42069
42068
42067
42066
42065
42064
42063
42062
42061
42060
42059
42058
42057
42056
42055
42054
42053
42052
42051
42050
42049
42048
42047
42046
42045
42044
42043
42042
42041
42040
42039
42038
42037
42036
42035
42034
42033
42032
42031
42030
42029
42028
42027
42026
42025
42024
42023
42022
42021
42020
42019
42018
42017
42016
42015
42014
42013
42012
42011
42010
42009
42008
42007
42006
42005
42004
42003
42002
42001
42000
41999
41998
41997
41996
41995
41994
41993
41992
41991
41990
41989
41988
41987
41986
41985
41984
41983
41982
41981
41980
41979
41978
41977
41976
41975
41974
41973
41972
41971
41970
41969
41968
41967
41966
41965
41964
41963
41962
41961
41960
41959
41958
41957
41956
41955
41954
41953
41952
41951
41950
41949
41948
41947
41946
41945
41944
41943
41942
41941
41940
41939
41938
41937
41936
41935
41934
41933
41932
41931
41930
41929
41928
41927
41926
41925
41924
41923
41922
41921
41920
41919
41918
41917
41916
41915
41914
41913
41912
41911
41910
41909
41908
41907
41906
41905
41904
41903
41902
41901
41900
41899
41898
41897
41896
41895
41894
41893
41892
41891
41890
41889
41888
41887
41886
41885
41884
41883
41882
41881
41880
41879
41878
41877
41876
41875
41874
41873
41872
41871
41870
41869
41868
41867
41866
41865
41864
41863
41862
41861
41860
41859
41858
41857
41856
41855
41854
41853
41852
41851
41850
41849
41848
41847
41846
41845
41844
41843
41842
41841
41840
41839
41838
41837
41836
41835
41834
41833
41832
41831
41830
41829
41828
41827
41826
41825
41824
41823
41822
41821
41820
41819
41818
41817
41816
41815
41814
41813
41812
41811
41810
41809
41808
41807
41806
41805
41804
41803
41802
41801
41800
41799
41798
41797
41796
41795
41794
41793
41792
41791
41790
41789
41788
41787
41786
41785
41784
41783
41782
41781
41780
41779
41778
41777
41776
41775
41774
41773
41772
41771
41770
41769
41768
41767
41766
41765
41764
41763
41762
41761
41760
41759
41758
41757
41756
41755
41754
41753
41752
41751
41750
41749
41748
41747
41746
41745
41744
41743
41742
41741
41740
41739
41738
41737
41736
41735
41734
41733
41732
41731
41730
41729
41728
41727
41726
41725
41724
41723
41722
41721
41720
41719
41718
41717
41716
41715
41714
41713
41712
41711
41710
41709
41708
41707
41706
41705
41704
41703
41702
41701
41700
41699
41698
41697
41696
41695
41694
41693
41692
41691
41690
41689
41688
41687
41686
41685
41684
41683
41682
41681
41680
41679
41678
41677
41676
41675
41674
41673
41672
41671
41670
41669
41668
41667
41666
41665
41664
41663
41662
41661
41660
41659
41658
41657
41656
41655
41654
41653
41652
41651
41650
41649
41648
41647
41646
41645
41644
41643
41642
41641
41640
41639
41638
41637
41636
41635
41634
41633
41632
41631
41630
41629
41628
41627
41626
41625
41624
41623
41622
41621
41620
41619
41618
41617
41616
41615
41614
41613
41612
41611
41610
41609
41608
41607
41606
41605
41604
41603
41602
41601
41600
41599
41598
41597
41596
41595
41594
41593
41592
41591
41590
41589
41588
41587
41586
41585
41584
41583
41582
41581
41580
41579
41578
41577
41576
41575
41574
41573
41572
41571
41570
41569
41568
41567
41566
40290
40289
40288
40287
40286
40285
40284
40283
40282
40281
40280
40279
40278
40277
40276
40275
40274
40273
40272
40271
40270
40269
40268
40267
40266
40265
40264
40263
40262
40261
40260
40259
40258
40257
40256
40255
40254
40253
40252
40251
40250
40249
40248
40247
40246
40245
40244
40243
40242
40241
40240
40239
40238
40237
40236
40235
40234
40233
40232
40226
40231
40230
40229
40228
40227
40226
40225
40224
40223
40222
40221
40220
40219
40218
40217
40216
40215
40214
40213
40212
40211
40210
40209
40208
40207
40206
40205
40204
40203
40202
40201
40200
40199
40198
40197
40196
40195
40194
40193
40192
40191
40190
40189
40188
40187
40186
40185
40184
40183
40182
40181
40180
40179
40178
40177
40176
40175
40174
40173
40172
40171
40170
40161
40169
40168
40167
40166
40165
40164
40163
40162
40160
40159
40158
40157
40156
40156
40155
40154
40153
40152
40151
40150
40149
40148
40147
40146
40145
40144
40143
40142
40141
40140
40139
40138
40137
40136
40135
40134
40133
40132
40131
40130
40129
40128
40127
40126
40125
40124
40123
40122
40121
40120
40119
40118
40117
40116
40115
40114
40113
40112
40111
40110
40109
40108
40107
40106
40105
40104
40103
40102
40101
40100
40099
40098
40097
40096
40095
40094
40093
40092
40091
40090
40089
40088
40087
40086
40085
40084
40083
40082
40081
40080
40079
40078
40077
40076
40075
40074
40073
40072
40071
40070
40069
40068
40067
40066
40065
40064
40063
40062
40061
40060
40059
40058
40057
40056
40055
40054
40053
40052
40051
40050
40049
40048
40047
40046
40045
40044
40043
40042
40041
40040
40039
40038
40037
40036
40035
40034
40033
40032
40031
40030
40029
40028
40027
40026
40025
40024
40023
40022
40021
40020
40019
40018
40017
40016
40015
40014
40013
40012
40011
40010
40009
40008
40007
40006
40005
40004
40003
40002
40001
40000
39999
39998
39997
39996
39995
39994
39993
39992
39991
39990
39989
39988
39987
39986
39985
39984
39983
39982
39981
39980
39979
39978
39977
39976
39975
39974
39973
39972
39971
39970
39969
39968
39967
39966
39965
39964
39963
39962
39961
39960
39959
39958
39957
39956
39955
39954
39953
39952
39951
39950
39949
39948
39947
39946
39945
39944
39943
39942
39941
39940
39939
39938
39937
39936
39935
39934
39933
39932
39931
39930
39929
39928
39927
39926
39925
39924
39923
39922
39921
39920
39919
39918
39917
39916
39915
39914
39913
39912
39911
39910
39909
39908
39907
39906
39905
39904
39903
39901
39902
39900
39899
39898
39897
39896
39895
39894
39893
39892
39891
39890
39889
39888
39887
39886
39885
39884
39883
39882
39881
39880
39879
39878
39877
39876
39875
39874
39873
39872
39871
39870
39869
39868
39867
39866
39865
39864
39863
39862
39861
39860
39859
39858
39857
39856
39855
39854
39853
39852
39851
39850
39849
39848
39847
39846
39845
39844
39843
39842
39841
39840
39839
39838
39837
39836
39835
39834
39833
39832
39831
39830
39829
39828
39827
39826
39825
39824
39823
39822
39821
39820
39818
39819
39817
39816
39815
39814
39813
39812
39811
39810
39809
39808
39807
39806
39805
39804
39803
39802
39801
39800
39799
39798
39797
39796
39785
39795
39794
39793
39792
39791
39790
39789
39788
39787
39786
39784
39783
39782
39781